结果1
2026-01	17857222.8100	394644.6424	394407.0000	0.02208669	394406.9445	-0.0555
2026-02	14852124.1700	326746.7370	327341.0000	0.02204001	327340.9652	-0.0348
2026-03	17306074.1300	377272.4281	377910.0000	0.02183684	377909.9718	-0.0282
2026-04	15707372.4600	339279.2692	339556.0000	0.02161762	339556.0090	0.0090
2026-05	16633909.2700	352638.8806	352991.0000	0.02122117	352991.0164	0.0164
2026-06	15943919.2400	333227.9343	332480.0000	0.02085309	332479.9829	-0.0171
2026-07	17464530.0900	359769.3318	359663.0000	0.02059391	359662.9609	-0.0391
结果2
2026-01	17857222.81000000	0.02208669	0.02208669	0.02208669	1	394406.94446540	394406.93520000	394407.0000	-0.05553460	-0.06480000
2026-02	14852124.17000000	0.02204001	0.02204001	0.02204001	1	327340.96522804	327340.96480000	327341.0000	-0.03477196	-0.03520000
2026-03	17306074.13000000	0.02183684	0.02183684	0.02183684	1	377909.97180495	377909.96780000	377910.0000	-0.02819505	-0.03220000
2026-04	15707372.46000000	0.02161762	0.02161762	0.02161762	1	339556.00903875	339556.02080000	339556.0000	0.00903875	0.02080000
2026-05	16633909.27000000	0.02122117	0.02122117	0.02122117	1	352991.01638325	352990.99040000	352991.0000	0.01638325	-0.00960000
2026-06	15943919.24000000	0.02085309	0.02085309	0.02085309	1	332479.98286445	332480.00700000	332480.0000	-0.01713555	0.00700000
2026-07	17464530.09000000	0.02059391	0.02059391	0.02059391	1	359662.96086575	359662.97910000	359663.0000	-0.03913425	-0.02090000

单刷结果2 的结果
2026-01	17857222.81000000	0.02208669	0.02210000	0.02210000	1	394406.94446540	394644.64240000	394407.0000	-0.05553460	237.64240000
2026-02	14852124.17000000	0.02204001	0.02200000	0.02200000	1	327340.96522804	326746.73700000	327341.0000	-0.03477196	-594.26300000
2026-03	17306074.13000000	0.02183684	0.02180000	0.02180000	1	377909.97180495	377272.42810000	377910.0000	-0.02819505	-637.57190000
2026-04	15707372.46000000	0.02161762	0.02160000	0.02160000	1	339556.00903875	339279.26920000	339556.0000	0.00903875	-276.73080000
2026-05	16633909.27000000	0.02122117	0.02120000	0.02120000	1	352991.01638325	352638.88060000	352991.0000	0.01638325	-352.11940000
2026-06	15943919.24000000	0.02085309	0.02090000	0.02090000	1	332479.98286445	333227.93430000	332480.0000	-0.01713555	747.93430000
2026-07	17464530.09000000	0.02059391	0.02060000	0.02060000	1	359662.96086575	359769.33180000	359663.0000	-0.03913425	106.33180000